{
  "advancedEditorSelectedIdentifier" : "ProjectBrowser",
  "openSceneRelativePaths" : [
    "Immersive.usda",
    "Scene.usda"
  ],
  "recentIdentifiers" : {
    "AF09ED6F-1707-48FD-8720-65B998362C09" : [

    ],
    "D66134B1-3681-4A8E-AFE5-29F257229F3B" : [

    ]
  },
  "sceneCameraHistory" : {
    "AF09ED6F-1707-48FD-8720-65B998362C09" : [
      {
        "date" : 763913124.071735,
        "title" : "Untitled",
        "transform" : [
          0.9979343,
          1.943703e-10,
          0.06424211,
          0,
          0.018695561,
          0.9567178,
          -0.29041612,
          0,
          -0.061461568,
          0.29101723,
          0.95474154,
          0,
          -0.008585366,
          0.04200936,
          0.16030708,
          1
        ]
      },
      {
        "date" : 763913118.397112,
        "title" : "Untitled",
        "transform" : [
          0.9979343,
          -7.6901996e-10,
          0.06424211,
          0,
          0.01869556,
          0.9567178,
          -0.29041606,
          0,
          -0.061461568,
          0.29101717,
          0.95474154,
          0,
          -0.008585367,
          0.042009346,
          0.16030706,
          1
        ]
      },
      {
        "date" : 763912877.551221,
        "title" : "Untitled",
        "transform" : [
          0.9979343,
          -9.352332e-10,
          0.06424211,
          0,
          0.018695557,
          0.95671785,
          -0.290416,
          0,
          -0.06146157,
          0.29101714,
          0.95474154,
          0,
          0.016597543,
          0.044110432,
          0.11876946,
          1
        ]
      },
      {
        "date" : 763912875.272182,
        "title" : "Untitled",
        "transform" : [
          0.9979343,
          -9.352332e-10,
          0.06424211,
          0,
          0.018695557,
          0.95671785,
          -0.290416,
          0,
          -0.06146157,
          0.29101714,
          0.95474154,
          0,
          -0.003036512,
          0.06507319,
          0.1111158,
          1
        ]
      },
      {
        "date" : 763911316.736524,
        "title" : "Untitled",
        "transform" : [
          0.9979343,
          -9.352332e-10,
          0.06424211,
          0,
          0.018695557,
          0.95671785,
          -0.290416,
          0,
          -0.06146157,
          0.29101714,
          0.95474154,
          0,
          -0.003036512,
          0.06507319,
          0.1111158,
          1
        ]
      },
      {
        "date" : 763895710.879367,
        "title" : "Untitled",
        "transform" : [
          0.9979343,
          -9.352332e-10,
          0.06424211,
          0,
          0.018695557,
          0.95671785,
          -0.290416,
          0,
          -0.06146157,
          0.29101714,
          0.95474154,
          0,
          0.0033154283,
          0.06376305,
          0.11192406,
          1
        ]
      },
      {
        "date" : 763895705.201187,
        "title" : "Untitled",
        "transform" : [
          0.9979343,
          -9.352332e-10,
          0.06424211,
          0,
          0.018695557,
          0.95671785,
          -0.290416,
          0,
          -0.06146157,
          0.29101714,
          0.95474154,
          0,
          -0.010043515,
          0.07948514,
          0.106271796,
          1
        ]
      },
      {
        "date" : 763895662.741915,
        "title" : "Untitled",
        "transform" : [
          0.9979343,
          -9.352332e-10,
          0.06424211,
          0,
          0.018695557,
          0.95671785,
          -0.290416,
          0,
          -0.06146157,
          0.29101714,
          0.95474154,
          0,
          0.006053958,
          0.08734614,
          0.10491193,
          1
        ]
      },
      {
        "date" : 763895635.524908,
        "title" : "Untitled",
        "transform" : [
          0.9979343,
          -9.352332e-10,
          0.06424211,
          0,
          0.018695557,
          0.95671785,
          -0.290416,
          0,
          -0.06146157,
          0.29101714,
          0.95474154,
          0,
          -0.008787846,
          0.07380769,
          0.10808317,
          1
        ]
      },
      {
        "date" : 763895631.538386,
        "title" : "Untitled",
        "transform" : [
          0.91121364,
          0.0009513226,
          0.4119331,
          0,
          0.39382508,
          0.2912272,
          -0.8718305,
          0,
          -0.1207955,
          0.9566534,
          0.26499552,
          0,
          -0.0010179207,
          0.13116258,
          -0.0014679804,
          1
        ]
      }
    ]
  },
  "sceneViewportBackgroundColors" : {

  },
  "selectedSceneRelativePath" : "Immersive.usda"
}